# GIMP colorrc
# 
# This file holds a list of recently used colors.

(color-history
    (color-rgba 0.89411771297454834 0.67450982332229614 0.58823531866073608 1)
    (color-rgba 0.27450981736183167 0.27450981736183167 0.27450981736183167 1)
    (color-rgba 0.9647059440612793 0.9647059440612793 0.9647059440612793 1)
    (color-rgba 0.30588236451148987 0.57647061347961426 0.23529413342475891 1)
    (color-rgba 0.94509810209274292 0.74117648601531982 0.23921570181846619 1)
    (color-rgba 0.27334043308484202 0.27334043308484202 0.27334043308484202 1)
    (color-rgba 1 1 1 1)
    (color-rgba 0.60784316062927246 0.58431375026702881 0.41568630933761597 1)
    (color-rgba 0.98431378602981567 0.94509810209274292 0.68235296010971069 1)
    (color-rgba 0.027450982481241226 0.027450982481241226 0.047058828175067902 1)
    (color-rgba 0.96078437566757202 0.82745105028152466 0.60392159223556519 1)
    (color-rgba 1 0.81176477670669556 0.38431376218795776 1)
    (color-rgba 0.32941177487373352 0.32941177487373352 0.32941177487373352 1)
    (color-rgba 1 0.81316841849621246 0.38345571004530543 1)
    (color-rgba 0.99215692281723022 0.83529418706893921 0.4745098352432251 1)
    (color-rgba 0.99215692281723022 0.83137261867523193 0.4901961088180542 1)
    (color-rgba 0.63137257099151611 0.54117649793624878 0.38823533058166504 1)
    (color-rgba 0 0 0 1)
    (color-rgba 0.7568628191947937 0.65098041296005249 0.4745098352432251 1)
    (color-rgba 0.86274516582489014 0.86274516582489014 0.86274516582489014 1)
    (color-rgba 0.89019614458084106 0.58431375026702881 0.54509806632995605 1)
    (color-rgba 0.69019609689712524 0.57254904508590698 0.69019609689712524 1)
    (color-rgba 0.58823531866073608 0.32156863808631897 0.31372550129890442 1)
    (color-rgba 0.023529414087533951 0.17254902422428131 0.5372549295425415 1)
    (color-rgba 0.24313727021217346 0.3490196168422699 0.69803923368453979 1)
    (color-rgba 0.85098046064376831 0.55294120311737061 0.59215688705444336 1)
    (color-rgba 0.86163522012578619 0.86163522012578619 0.86163522012578619 1)
    (color-rgba 0.76862752437591553 0.76862752437591553 0.76862752437591553 1)
    (color-rgba 0.76729559748427678 0.76729559748427678 0.76729559748427678 1)
    (color-rgba 0 0.21176472306251526 0.7137255072593689 1)
    (color-rgba 0.021985039226418548 0.17438388333125507 0.53881590950556468 1)
    (color-rgba 0 0.18039216101169586 0.61176472902297974 1)
    (color-rgba 0 0.18038930969654507 0.61203514828181393 1)
    (color-rgba 0.001368363437328963 0.21080575329818402 0.71195949644225509 1)
    (color-rgba 0.19215688109397888 0.41176474094390869 0.93725496530532837 1)
    (color-rgba 0.80000000000000004 0.80000000000000004 0.80000000000000004 1)
    (color-rgba 0.89803928136825562 0.67058825492858887 0.58823531866073608 1)
    (color-rgba 0.73725491762161255 0.086274512112140656 0.074509806931018829 1)
    (color-rgba 0.97254908084869385 0.88235300779342651 0.88627457618713379 1)
    (color-rgba 0.81960791349411011 0.54117649793624878 0.54509806632995605 1)
    (color-rgba 0.95686280727386475 0.92156869173049927 0.76470595598220825 1)
    (color-rgba 0.054901964962482452 0.23137256503105164 0.75294125080108643 1)
    (color-rgba 0.92941182851791382 0.94117653369903564 0.93725496530532837 1)
    (color-rgba 0.7450980544090271 0.45490199327468872 0.30980393290519714 1)
    (color-rgba 0.92549026012420654 0.76078438758850098 0.22745099663734436 1)
    (color-rgba 0.96862751245498657 0.87843143939971924 0.86274516582489014 1)
    (color-rgba 0.9490196704864502 0.73725491762161255 0.28235295414924622 1)
    (color-rgba 0.062745101749897003 0.62745100259780884 0.80000007152557373 1)
    (color-rgba 0.16470588235294117 0.16470588235294117 0.16470588235294117 1)
    (color-rgba 0.0078431377187371254 0.019607843831181526 0.054901961237192154 1)
    (color-rgba 0.08235294371843338 0.078431375324726105 0.098039224743843079 1)
    (color-rgba 0.46666669845581055 0.58431375026702881 0.3490196168422699 1)
    (color-rgba 0.56078433990478516 0.65882354974746704 0.46274513006210327 1)
    (color-rgba 0.56078433990478516 0.56078433990478516 0.56078433990478516 1)
    (color-rgba 0.46274513006210327 0.46274513006210327 0.46274513006210327 1)
    (color-rgba 0.21176470588235294 0.21176470588235294 0.21176470588235294 1)
    (color-rgba 0.18823529411764706 0.18823529411764706 0.18823529411764706 1)
    (color-rgba 0.16862745098039217 0.16862745098039217 0.16862745098039217 1)
    (color-rgba 0.82745105028152466 0.7882353663444519 0.77647066116333008 1)
    (color-rgba 0.4745098352432251 0.30196079611778259 0.23137256503105164 1)
    (color-rgba 1 0.61176472902297974 0.0039215688593685627 1)
    (color-rgba 0.92549026012420654 0.92549026012420654 0.92549026012420654 1)
    (color-rgba 0.18039216101169586 0.11764706671237946 0.058823533356189728 1)
    (color-rgba 0.0039215688593685627 0.47058826684951782 0.83137261867523193 1)
    (color-rgba 0.70980393886566162 0.0039215688593685627 0.058823533356189728 1)
    (color-rgba 0.18039216101169586 0.035294119268655777 0.0039215688593685627 1)
    (color-rgba 0.43137255311012268 0.10196078568696976 0.094117648899555206 1)
    (color-rgba 0.99215692281723022 0.75294125080108643 0.22352942824363708 1)
    (color-rgba 0.23137256503105164 0.098039224743843079 0.058823533356189728 1)
    (color-rgba 1 1 1 6.900017200198416e-310)
    (color-rgba 0.88627457618713379 0.87843143939971924 0.89019614458084106 1)
    (color-rgba 0.49803921580314636 0.59215688705444336 0.77254903316497803 1)
    (color-rgba 0.55686277151107788 0.011764707043766975 0.63921570777893066 1)
    (color-rgba 0.729411780834198 0.27843138575553894 0.79607850313186646 1)
    (color-rgba 0.37254902720451355 0.61960786581039429 0.18431372940540314 1)
    (color-rgba 0.90196084976196289 0.90196084976196289 0.90196084976196289 1)
    (color-rgba 0.61960786581039429 0.18431372940540311 0.29967675939188854 1)
    (color-rgba 0.18431372940540314 0.18431372940540314 0.18431372940540314 1)
    (color-rgba 0 0 0 6.9532654284593744e-310)
    (color-rgba 1 0 0 1)
    (color-rgba 0.19607844948768616 0.24705883860588074 0.35294118523597717 1)
    (color-rgba 0.10196078431372549 0.10196078431372549 0.10196078431372549 1)
    (color-rgba 0.18823529779911041 0.16862745583057404 0.19607843458652496 1)
    (color-rgba 0.32941177487373352 0.82352948188781738 0.95686280727386475 1)
    (color-rgba 0.60392159223556519 0.050980396568775177 0.91372555494308472 1)
    (color-rgba 0.85490202903747559 0.85490202903747559 0.85490202903747559 1)
    (color-rgba 0.605528837070332 0.049844236760124644 0.91277258566978192 1)
    (color-rgba 0.20784315466880798 0.5372549295425415 0.18039216101169586 1)
    (color-rgba 0.062745101749897003 0.30196079611778259 0.56470590829849243 1)
    (color-rgba 0.027450982481241226 0.47843140363693237 0.83529418706893921 1)
    (color-rgba 0.078431372549019607 0.47058823529411764 0.15294117647058825 1)
    (color-rgba 0.062745098039215685 0.48627450980392156 0.058823529411764705 1)
    (color-rgba 0.062745098039215685 0.48627450980392156 0.058823529411764705 6.9532836032910272e-310)
    (color-rgba 0.23137256503105164 0.19215688109397888 0.21812750258221447 1)
    (color-rgba 0.039215686274509803 0.039215686274509803 0.039215686274509803 1)
    (color-rgba 0.13725490196078433 0.13725490196078433 0.13725490196078433 1)
    (color-rgba 0.16078431904315948 0.16078431904315948 0.16078431904315948 1)
    (color-rgba 0.16862745583057404 0.16470588743686676 0.20000000298023224 1)
    (color-rgba 0 0.0039215688593685627 0 1)
    (color-rgba 0.015686275437474251 0.20000001788139343 0.33725491166114807 1)
    (color-rgba 0.16470588743686676 0.17647059261798859 0.19607843458652496 1)
    (color-rgba 0.19215686619281769 0.21176470816135406 0.23137255012989044 1)
    (color-rgba 0.21960784494876862 0.23529411852359772 0.25882354378700256 1)
    (color-rgba 0.23137255012989044 0.24313725531101227 0.26274511218070984 1)
    (color-rgba 0.28235295414924622 0.30196079611778259 0.32549020648002625 1)
    (color-rgba 0.93725496530532837 0.94117653369903564 0.94509810209274292 1)
    (color-rgba 0.92941182851791382 0.95294123888015747 0.95294123888015747 1)
    (color-rgba 0.94117653369903564 0.94117653369903564 0.9490196704864502 1)
    (color-rgba 0.93333339691162109 0.93333339691162109 0.9490196704864502 1)
    (color-rgba 0.56470590829849243 0.57254904508590698 0.58823531866073608 1)
    (color-rgba 0.66666668653488159 0.69411766529083252 0.72156864404678345 1)
    (color-rgba 0 0.32937582666750648 0.65875165333501295 1)
    (color-rgba 0.98823535442352295 0.98823535442352295 0.98823535442352295 1)
    (color-rgba 0.24313727021217346 0.24313727021217346 0.23529413342475891 1)
    (color-rgba 0.87058830261230469 0.87058830261230469 0.87058830261230469 1)
    (color-rgba 0 0.19098863325651341 0.38197726651302683 1)
    (color-rgba 0 0.45669836870945391 0.91339673741890781 1)
    (color-rgba 0.65517241379310343 0.74884199691199183 0.84251158003088011 1)
    (color-rgba 0.19215686619281769 0.21176470816135406 0.22745098173618317 1)
    (color-rgba 0.16470588235294117 0.1803921568627451 0.19607843137254902 1)
    (color-rgba 0.62745098039215685 0.62745098039215685 0.62745098039215685 1)
    (color-rgba 0.65098041296005249 0.65098041296005249 0.65098041296005249 1)
    (color-rgba 0.85098046064376831 0.85098046064376831 0.85098046064376831 1)
    (color-rgba 0.63137257099151611 0.63137257099151611 0.63137257099151611 1)
    (color-rgba 0.29803922772407532 0.29803922772407532 0.29803922772407532 1)
    (color-rgba 0.24705883860588074 0.24705883860588074 0.23921570181846619 1)
    (color-rgba 0.92549026012420654 0.93725496530532837 0.95686280727386475 1)
    (color-rgba 0.65098041296005249 0.031372550874948502 0.035294119268655777 1)
    (color-rgba 0.16862745583057404 0.16862745583057404 0.16078431904315948 1)
    (color-rgba 0.66666668653488159 0.015686275437474251 0.054901964962482452 1)
    (color-rgba 0.9647059440612793 0.9803922176361084 1 1)
    (color-rgba 0.23921570181846619 0.23921570181846619 0.23137256503105164 1)
    (color-rgba 0.23137256503105164 0.23137256503105164 0.22352942824363708 1)
    (color-rgba 0.25098040699958801 0.25098040699958801 0.24313727021217346 1)
    (color-rgba 0.22745099663734436 0.22745099663734436 0.21960785984992981 1)
    (color-rgba 1 0.26274511218070984 0.058823533356189728 1)
    (color-rgba 0.78823530673980713 0.56862747669219971 0.43137255311012268 1)
    (color-rgba 0.75294125080108643 0.35686275362968445 0.41176474094390869 1)
    (color-rgba 0.94117647409439087 0.75686275959014893 0.5372549295425415 1)
    (color-rgba 0.30196079611778259 0.34117648005485535 0.38823530077934265 1)
    (color-rgba 0.74901962280273438 0.3960784375667572 0.3960784375667572 1)
    (color-rgba 0.7450980544090271 0.3803921639919281 0.41960784792900085 1)
    (color-rgba 0.93333333730697632 0.94117647409439087 0.92941176891326904 1)
    (color-rgba 0.87843137979507446 0.54509806632995605 0.46666666865348816 1)
    (color-rgba 0.92549020051956177 0.7921568751335144 0.54509806632995605 1)
    (color-rgba 0.17647059261798859 0.20784313976764679 0.25882354378700256 1)
    (color-rgba 0.18431372940540314 0.21960785984992981 0.27843138575553894 1)
    (color-rgba 0.87450987100601196 0.90196084976196289 0.93333339691162109 1)
    (color-rgba 0.90980398654937744 0.92941182851791382 0.95294123888015747 1)
    (color-rgba 1 0.68627452850341797 0.058823533356189728 1)
    (color-rgba 1 0.45098042488098145 0.058823533356189728 1)
    (color-rgba 1 0.40392160415649414 0.058823533356189728 1)
    (color-rgba 0.41568630933761597 0.41568630933761597 0.41568630933761597 1)
    (color-rgba 1 0.38823533058166504 0 1)
    (color-rgba 0.18039216101169586 0.20392157137393951 0.25098040699958801 1)
    (color-rgba 0.49411767721176147 0.62352943420410156 0.7450980544090271 1)
    (color-rgba 0.9490196704864502 0.94509810209274292 0.9647059440612793 1)
    (color-rgba 0.92549026012420654 0.92549026012420654 0.95686280727386475 1)
    (color-rgba 0.90588241815567017 0.92549026012420654 0.94117653369903564 1)
    (color-rgba 0.18823531270027161 0.20392158627510071 0.25098040699958801 1)
    (color-rgba 0.92156869173049927 0.94117653369903564 0.9647059440612793 1)
    (color-rgba 0.90588241815567017 0.90588241815567017 0.90588241815567017 1)
    (color-rgba 0.23921570181846619 0.23921570181846619 0.23921570181846619 1)
    (color-rgba 0.32549020648002625 0.32549020648002625 0.32549020648002625 1)
    (color-rgba 0.66274511814117432 0.66274511814117432 0.66274511814117432 1)
    (color-rgba 0.91372555494308472 0.91372555494308472 0.91372555494308472 1)
    (color-rgba 0.31372550129890442 0.31372550129890442 0.31372550129890442 1)
    (color-rgba 0.65490198135375977 0.65490198135375977 0.65490198135375977 1)
    (color-rgba 0.20000001788139343 0.20000001788139343 0.20000001788139343 1)
    (color-rgba 0.70980393886566162 0.70980393886566162 0.70980393886566162 1)
    (color-rgba 0.3490196168422699 0.3490196168422699 0.3490196168422699 1)
    (color-rgba 0.0039215688593685627 0.25882354378700256 0.65882354974746704 1)
    (color-rgba 0.0039215688593685627 0.57254904508590698 0.82745105028152466 1)
    (color-rgba 0.7887931034482758 0 0 1)
    (color-rgba 1 0 0.53866027513633696 1)
    (color-rgba 0.062745101749897003 0.062745101749897003 0.074509806931018829 1)
    (color-rgba 0.062745098039215685 0.062745098039215685 0.074509803921568626 0)
    (color-rgba 0.40000000000000002 0.73333333333333328 0.41568627450980394 1)
    (color-rgba 0.32156862745098042 0.58039215686274515 0.88627450980392153 1)
    (color-rgba 0.17254902422428131 0.17254902422428131 0.17254902422428131 1)
    (color-rgba 0.49803924560546875 0.49803924560546875 0.49803924560546875 1)
    (color-rgba 0.57647061347961426 0.70588237047195435 0.45490199327468872 1)
    (color-rgba 0.058823533356189728 0.058823533356189728 0.058823533356189728 1)
    (color-rgba 0.081250000000000003 0.081250000000000003 0.081250000000000003 1)
    (color-rgba 0.10493827160493827 0.10493827160493827 0.10493827160493827 1)
    (color-rgba 0.12156862745098039 0.12156862745098039 0.12156862745098039 1)
    (color-rgba 0.13333333333333333 0.13333333333333333 0.13333333333333333 1)
    (color-rgba 0.41960787773132324 0.41960787773132324 0.41960787773132324 1)
    (color-rgba 0.40129701686121921 0.41562523842221716 0.73209735255970088 1)
    (color-rgba 0.28627452254295349 0.28627452254295349 0.28627452254295349 1)
    (color-rgba 0.29411765933036804 0.29411765933036804 0.29411765933036804 1)
    (color-rgba 0.24252380687197192 0.24252380687197192 0.24252380687197192 1)
    (color-rgba 0.52941179275512695 0.64705884456634521 0.33725491166114807 1)
    (color-rgba 0.90588241815567017 0.36078432202339172 0.14509804546833038 1)
    (color-rgba 0.20596918506235148 0.53847648659152736 0.18156496955564194 1)
    (color-rgba 0.20000001788139343 0.62745100259780884 0.16862745583057404 1)
    (color-rgba 0.80784320831298828 0.80784320831298828 0.80784320831298828 1)
    (color-rgba 0.95686280727386475 0.89803928136825562 0.26666668057441711 1)
    (color-rgba 0.61176472902297974 0.14901961386203766 0.52549022436141968 1)
    (color-rgba 0.20000001788139343 0.20392158627510071 0.54901963472366333 1)
    (color-rgba 0.5058823823928833 0.17647059261798859 0.54117649793624878 1)
    (color-rgba 0.20000001788139343 0.22352942824363708 0.56862747669219971 1)
    (color-rgba 0.80000007152557373 0.14901961386203766 0.17647059261798859 1)
    (color-rgba 0.89411771297454834 0.89411771297454834 0.89411771297454834 1)
    (color-rgba 0.11372549831867218 0.62745100259780884 0.97254908084869385 1)
    (color-rgba 0.37647062540054321 0.729411780834198 0.27058824896812439 1)
    (color-rgba 0 0.60784316062927246 0.85490202903747559 1)
    (color-rgba 0.58431375026702881 0.23529413342475891 0.58823531866073608 1)
    (color-rgba 0.87058830261230469 0.22352942824363708 0.23921570181846619 1)
    (color-rgba 0.98431378602981567 0.7137255072593689 0.14509804546833038 1)
    (color-rgba 0.95686280727386475 0.5058823823928833 0.11764706671237946 1)
    (color-rgba 0.0039215688593685627 0.50196081399917603 0.80392163991928101 1)
    (color-rgba 0.9960784912109375 0.49803924560546875 0.19607844948768616 1)
    (color-rgba 0.32156863808631897 0.32156863808631897 0.32156863808631897 1)
    (color-rgba 0.68627452850341797 0.79215693473815918 0.58431375026702881 1)
    (color-rgba 0.14901961386203766 0.19215688109397888 0.43529415130615234 1)
    (color-rgba 0.24313727021217346 0.31372550129890442 0.70588237047195435 1)
    (color-rgba 0.23529413342475891 0.25882354378700256 0.27450981736183167 1)
    (color-rgba 0.67843139171600342 0.67843139171600342 0.67843139171600342 1)
    (color-rgba 0.32549020648002625 0.40000003576278687 0.25490197539329529 1)
    (color-rgba 0.011764707043766975 0.011764707043766975 0.011764707043766975 1)
    (color-rgba 0.94509810209274292 0.40784317255020142 0.074509806931018829 1)
    (color-rgba 0.3490196168422699 0.3490196168422699 0.35686275362968445 1)
    (color-rgba 0.27450981736183167 0.40392160415649414 0.66274511814117432 1)
    (color-rgba 0.9490196704864502 0.40392160415649414 0.066666670143604279 1)
    (color-rgba 0.46666669845581055 0.46666669845581055 0.46666669845581055 1)
    (color-rgba 0.88627457618713379 0.10588236153125763 0.26666668057441711 1)
    (color-rgba 0.40000003576278687 0.52549022436141968 0.19215688109397888 1)
    (color-rgba 0.60784316062927246 0.086274512112140656 0.20784315466880798 1)
    (color-rgba 0.20392158627510071 0.7568628191947937 0.92549026012420654 1)
    (color-rgba 0.72156862745098038 0.37254901960784315 0.56470588235294117 1)
    (color-rgba 0.066666666666666666 0.066666666666666666 0.066666666666666666 1)
    (color-rgba 0.20000001788139343 0.20784315466880798 0.21960785984992981 1)
    (color-rgba 0.12549020349979401 0.12941177189350128 0.13333334028720856 1)
    (color-rgba 0.10196079313755035 0.50980395078659058 0.9490196704864502 1)
    (color-rgba 0.81568634510040283 0.16862745583057404 0.23137256503105164 1)
    (color-rgba 0.17647059261798859 0.78823530673980713 0.39215686917304993 1)
    (color-rgba 0.22745098173618317 0.7921568751335144 0.3490196168422699 1)
    (color-rgba 0.21176470816135406 0.78039216995239258 0.32156863808631897 1)
    (color-rgba 0.31372550129890442 0.78823530673980713 0.45490196347236633 1)
    (color-rgba 0.32941177487373352 0.86274510622024536 0.44705882668495178 1)
    (color-rgba 0.19215688109397888 0.78039222955703735 0.73333334922790527 1)
    (color-rgba 0.20392158627510071 0.7882353663444519 0.27843138575553894 1)
    (color-rgba 0.24705883860588074 0.80784320831298828 0.34509804844856262 1)
    (color-rgba 0.058823533356189728 0.3333333432674408 0.61568629741668701 1)
    (color-rgba 0.41044776119402987 0.41044776119402987 0.41044776119402987 1)
    (color-rgba 0.90980398654937744 0.95294123888015747 0.93725496530532837 1)
    (color-rgba 0.18039216101169586 0.70196080207824707 0.59607845544815063 1)
    (color-rgba 1 0.91764712333679199 1 1)
    (color-rgba 1 0.89803928136825562 1 1)
    (color-rgba 1 0.89019614458084106 1 1)
    (color-rgba 1 0.86274516582489014 1 1)
    (color-rgba 1 0.83921575546264648 1 1)
    (color-rgba 1 0.89411771297454834 1 1)
    (color-rgba 0.22352942824363708 0.027450982481241226 0 1)
    (color-rgba 0.96470588235294119 0.96470588235294119 0.96470588235294119 4.6701246188172674e-310))

# end of colorrc
