# GIMP colorrc
# 
# This file holds a list of recently used colors.

(color-history
    (color-rgba 0.16470588743686676 0.16470588743686676 0.16470588743686676 1)
    (color-rgba 1 1 1 1)
    (color-rgba 0.63921570777893066 0.16862745583057404 0.074509806931018829 1)
    (color-rgba 0 0 0 1)
    (color-rgba 0.63866930171278002 0.073451910408432186 0.073451910408432186 1)
    (color-rgba 0.46666666865348816 0.54509806632995605 0.31372550129890442 1)
    (color-rgba 0.56862745098039214 0.65098039215686276 0.40000000000000002 1)
    (color-rgba 0.83152476664121988 0.83152476664121988 0.83152476664121988 1)
    (color-rgba 0.71764707565307617 0.71764707565307617 0.71764707565307617 1)
    (color-rgba 0.99215686321258545 0.91764706373214722 0.83529412746429443 1)
    (color-rgba 0.5670995670995671 0.29643842565745876 0.056709956709956696 1)
    (color-rgba 1 0.58823531866073608 0.22352941334247589 1)
    (color-rgba 1 0.58823531866073608 0.21568627655506134 1)
    (color-rgba 1 0.58039218187332153 0.20392157137393951 1)
    (color-rgba 1 0.57254904508590698 0.19215686619281769 1)
    (color-rgba 1 0.56470590829849243 0.16862745583057404 1)
    (color-rgba 1 0.96078431606292725 0.92156863212585449 1)
    (color-rgba 1 0.96078431606292725 0.92549020051956177 1)
    (color-rgba 1 0.61176472902297974 0.25882354378700256 1)
    (color-rgba 0.99215686321258545 0.59215688705444336 0.23529411852359772 1)
    (color-rgba 0.92549020051956177 0.98039215803146362 0.92549020051956177 1)
    (color-rgba 0.35294118523597717 0.35294118523597717 0.35294118523597717 1)
    (color-rgba 0.37647059559822083 0.37647059559822083 0.37647059559822083 1)
    (color-rgba 0.38431373238563538 0.38431373238563538 0.38431373238563538 1)
    (color-rgba 0.9843137264251709 0.9843137264251709 0.9843137264251709 1)
    (color-rgba 0.43921568989753723 0.49019607901573181 0.54509806632995605 1)
    (color-rgba 0.43137255311012268 0.48627451062202454 0.5372549295425415 1)
    (color-rgba 0.42352941632270813 0.47843137383460999 0.52941179275512695 1)
    (color-rgba 0.41568627953529358 0.47058823704719543 0.5215686559677124 1)
    (color-rgba 0.41568627953529358 0.46666666865348816 0.5215686559677124 1)
    (color-rgba 0.40784314274787903 0.45882353186607361 0.51372551918029785 1)
    (color-rgba 0.43921568989753723 0.49411764740943909 0.54901963472366333 1)
    (color-rgba 0.40000000596046448 0.45098039507865906 0.5058823823928833 1)
    (color-rgba 0.88627451658248901 0.83137255907058716 0.94509804248809814 1)
    (color-rgba 0.85882353782653809 0.78431373834609985 0.92941176891326904 1)
    (color-rgba 0.90588235855102539 0.85490196943283081 0.9529411792755127 1)
    (color-rgba 0.87843137979507446 0.81176471710205078 0.93725490570068359 1)
    (color-rgba 0.74117648601531982 0.61568629741668701 0.86666667461395264 1)
    (color-rgba 0.63137257099151611 0.42745098471641541 0.81568628549575806 1)
    (color-rgba 0.62352943420410156 0.4117647111415863 0.81176471710205078 1)
    (color-rgba 0.3767332136631012 0.38340437412261963 0.38340884447097778 1)
    (color-rgba 0.67190992832183838 0.67929768562316895 0.67929971218109131 1)
    (color-rgba 0.59252470731735229 0.5997464656829834 0.59974855184555054 1)
    (color-rgba 0.92941176891326904 0.93725490570068359 0.93725490570068359 1)
    (color-rgba 0.23921568691730499 0.68235296010971069 0.91372549533843994 1)
    (color-rgba 0.81176471710205078 0.82352942228317261 0.84313726425170898 1)
    (color-rgba 0.89411765336990356 0.89411765336990356 0.89411765336990356 1)
    (color-rgba 0.29019609093666077 0.29019609093666077 0.29019609093666077 1)
    (color-rgba 0.27058824896812439 0.27058824896812439 0.27058824896812439 1)
    (color-rgba 0.364705890417099 0.364705890417099 0.364705890417099 1)
    (color-rgba 0.3960784375667572 0.3960784375667572 0.3960784375667572 1)
    (color-rgba 0.89447540044784546 0.89249998331069946 0.89515095949172974 1)
    (color-rgba 0.41960784792900085 0.41960784792900085 0.41960784792900085 1)
    (color-rgba 0.23137255012989044 0.3333333432674408 0.62352943420410156 1)
    (color-rgba 0.75686275959014893 0.7921568751335144 0.90588235855102539 1)
    (color-rgba 0.51372551918029785 0.56470590829849243 0.75294119119644165 1)
    (color-rgba 0.23529411852359772 0.3333333432674408 0.62745100259780884 1)
    (color-rgba 0.23921568691730499 0.34509804844856262 0.64313727617263794 1)
    (color-rgba 0.72156864404678345 0.75686275959014893 0.88235294818878174 1)
    (color-rgba 0.72549021244049072 0.7607843279838562 0.88627451658248901 1)
    (color-rgba 0.75722062587738037 0.79053902626037598 0.90691584348678589 1)
    (color-rgba 0.54901963472366333 0.59607845544815063 0.77254903316497803 1)
    (color-rgba 0.53333336114883423 0.58431375026702881 0.76470589637756348 1)
    (color-rgba 0.53333336114883423 0.58039218187332153 0.75686275959014893 1)
    (color-rgba 0.64313727617263794 0.68235296010971069 0.82745099067687988 1)
    (color-rgba 0.23137255012989044 0.3333333432674408 0.61960786581039429 1)
    (color-rgba 0.58039218187332153 0.59607845544815063 0.60392159223556519 1)
    (color-rgba 0.51764708757400513 0.53333336114883423 0.54117649793624878 1)
    (color-rgba 0.80000001192092896 0.82352942228317261 0.83529412746429443 1)
    (color-rgba 0.79607844352722168 0.81960785388946533 0.83137255907058716 1)
    (color-rgba 0.81568628549575806 0.83921569585800171 0.84705883264541626 1)
    (color-rgba 0.7607843279838562 0.78431373834609985 0.79607844352722168 1)
    (color-rgba 0.7921568751335144 0.81568628549575806 0.82745099067687988 1)
    (color-rgba 0.40000000596046448 0.40000000596046448 0.40000000596046448 1)
    (color-rgba 0.93333333730697632 0.94117647409439087 0.94509804248809814 1)
    (color-rgba 0.81568628549575806 0.81568628549575806 0.81568628549575806 1)
    (color-rgba 0.40392157435417175 0.40392157435417175 0.40392157435417175 1)
    (color-rgba 0.98973846435546875 0.94489550590515137 0.87042224407196045 1)
    (color-rgba 0.98696351051330566 0.93987303972244263 0.86797213554382324 1)
    (color-rgba 0.98039215803146362 0.84705883264541626 0.38823530077934265 1)
    (color-rgba 0.98039215803146362 0.84313726425170898 0.3803921639919281 1)
    (color-rgba 0.98039215803146362 0.85098040103912354 0.40000000596046448 1)
    (color-rgba 0.98039215803146362 0.85098040103912354 0.40392157435417175 1)
    (color-rgba 0.98039215803146362 0.85490196943283081 0.41960784792900085 1)
    (color-rgba 0.98039215803146362 0.85490196943283081 0.42745098471641541 1)
    (color-rgba 0.98823529481887817 0.91764706373214722 0.67843139171600342 1)
    (color-rgba 0.93725490570068359 0.93725490570068359 0.94509804248809814 1)
    (color-rgba 0.93725490570068359 0.94117647409439087 0.94117647409439087 1)
    (color-rgba 0.94117647409439087 0.94117647409439087 0.94509804248809814 1)
    (color-rgba 0.93725490570068359 0.94117647409439087 0.94509804248809814 1)
    (color-rgba 0.49688392877578735 0.5501549243927002 0.55238848924636841 1)
    (color-rgba 0.21863573789596558 0.5918276309967041 0.21840023994445801 1)
    (color-rgba 0.94117647409439087 0.94509804248809814 0.93725490570068359 1)
    (color-rgba 0.32941177487373352 0.80000001192092896 0.32941177487373352 1)
    (color-rgba 0.67322874069213867 0.90317821502685547 0.67532014846801758 1)
    (color-rgba 0.34509804844856262 0.80392158031463623 0.34509804844856262 1)
    (color-rgba 0.33725491166114807 0.80000001192092896 0.33725491166114807 1)
    (color-rgba 0.21839934587478638 0.59239530563354492 0.22013702988624573 1)
    (color-rgba 0.66898000240325928 0.90391218662261963 0.66928166151046753 1)
    (color-rgba 0.22090640664100647 0.59045720100402832 0.21822938323020935 1)
    (color-rgba 0.37254902720451355 0.81176471710205078 0.37254902720451355 1)
    (color-rgba 0.36078432202339172 0.80784314870834351 0.36078432202339172 1)
    (color-rgba 0.35294118523597717 0.80392158031463623 0.35294118523597717 1)
    (color-rgba 0.32156863808631897 0.79607844352722168 0.32156863808631897 1)
    (color-rgba 0.21992719173431396 0.59155619144439697 0.22138196229934692 1)
    (color-rgba 0.85645931959152222 0.72758746147155762 0.28860610723495483 1)
    (color-rgba 0.81960785388946533 0.48627451062202454 0.88235294818878174 1)
    (color-rgba 0.97647058963775635 0.94901961088180542 0.9843137264251709 1)
    (color-rgba 0.92941176891326904 0.81568628549575806 0.9529411792755127 1)
    (color-rgba 1 0.94509804248809814 0.79607844352722168 1)
    (color-rgba 0.99607843160629272 0.79607844352722168 0.23529411852359772 1)
    (color-rgba 0.99607843160629272 0.7921568751335144 0.21960784494876862 1)
    (color-rgba 0.99607843160629272 0.78823530673980713 0.20784313976764679 1)
    (color-rgba 0.99607843160629272 0.78431373834609985 0.20000000298023224 1)
    (color-rgba 0.99607843160629272 0.78039216995239258 0.18823529779911041 1)
    (color-rgba 0.99607843160629272 0.78039216995239258 0.17647059261798859 1)
    (color-rgba 1 0.87843137979507446 0.56862747669219971 1)
    (color-rgba 0.7921568751335144 0.13725490868091583 0.20784313976764679 1)
    (color-rgba 0.18039216101169586 0.80000001192092896 0.44313725829124451 1)
    (color-rgba 0.7921568751335144 0.7607843279838562 0.19607843458652496 1)
    (color-rgba 0.78823530673980713 0.75686275959014893 0.18823529779911041 1)
    (color-rgba 0.78823530673980713 0.75686275959014893 0.17647059261798859 1)
    (color-rgba 0.78431373834609985 0.75294119119644165 0.16862745583057404 1)
    (color-rgba 0.78039216995239258 0.74901962280273438 0.15686275064945221 1)
    (color-rgba 0.7764706015586853 0.74117648601531982 0.13725490868091583 1)
    (color-rgba 0.89411765336990356 0.87843137979507446 0.59607845544815063 1)
    (color-rgba 0.71764707565307617 0.91764706373214722 0.92549020051956177 1)
    (color-rgba 0.41568627953529358 0.83137255907058716 0.84313726425170898 1)
    (color-rgba 0.40784314274787903 0.82745099067687988 0.84313726425170898 1)
    (color-rgba 0.3960784375667572 0.82745099067687988 0.83921569585800171 1)
    (color-rgba 0.38823530077934265 0.82352942228317261 0.83921569585800171 1)
    (color-rgba 0.3803921639919281 0.81960785388946533 0.83529412746429443 1)
    (color-rgba 0.37647059559822083 0.81960785388946533 0.83529412746429443 1)
    (color-rgba 0.75294119119644165 0.7764706015586853 0.79607844352722168 1)
    (color-rgba 0.38431373238563538 0.43529412150382996 0.48627451062202454 1)
    (color-rgba 0.93750905990600586 0.94177895784378052 0.9458472728729248 1)
    (color-rgba 0.35686275362968445 0.35686275362968445 0.35686275362968445 1)
    (color-rgba 0.40784314274787903 0.40784314274787903 0.40784314274787903 1)
    (color-rgba 0.63921570777893066 0.63921570777893066 0.63921570777893066 1)
    (color-rgba 0.73333334922790527 0.73333334922790527 0.73333334922790527 1)
    (color-rgba 0.28627452254295349 0.28627452254295349 0.28627452254295349 1)
    (color-rgba 0.61176472902297974 0.61176472902297974 0.61176472902297974 1)
    (color-rgba 0.65098041296005249 0.65098041296005249 0.65098041296005249 1)
    (color-rgba 0.24705882370471954 0.24705882370471954 0.24705882370471954 1)
    (color-rgba 0.27450981736183167 0.27450981736183167 0.27450981736183167 1)
    (color-rgba 0.26666668057441711 0.26666668057441711 0.26666668057441711 1)
    (color-rgba 0.36862745881080627 0.36862745881080627 0.36862745881080627 1)
    (color-rgba 0.30980393290519714 0.30980393290519714 0.30980393290519714 1)
    (color-rgba 0.85490196943283081 0.26666668057441711 0.32549020648002625 1)
    (color-rgba 0.78930294513702393 0.66888785362243652 0.89128124713897705 1)
    (color-rgba 0.56965732574462891 0.334492027759552 0.78482413291931152 1)
    (color-rgba 0.56445217132568359 0.32702282071113586 0.785086989402771 1)
    (color-rgba 0.55894923210144043 0.31927153468132019 0.78173285722732544 1)
    (color-rgba 0.5563971996307373 0.30841132998466492 0.77804607152938843 1)
    (color-rgba 0.55017656087875366 0.29872295260429382 0.77198761701583862 1)
    (color-rgba 0.54305559396743774 0.29409840703010559 0.77132308483123779 1)
    (color-rgba 0.54198414087295532 0.29097861051559448 0.76950711011886597 1)
    (color-rgba 0.53325062990188599 0.27592718601226807 0.76559168100357056 1)
    (color-rgba 0.55521303415298462 0.31432503461837769 0.7817426323890686 1)
    (color-rgba 0.5725676417350769 0.34159749746322632 0.78714436292648315 1)
    (color-rgba 0.58886688947677612 0.35966402292251587 0.79181885719299316 1)
    (color-rgba 0.5885884165763855 0.36579811573028564 0.79747235774993896 1)
    (color-rgba 0.52875274419784546 0.26992440223693848 0.76437228918075562 1)
    (color-rgba 0.85617280006408691 0.73002082109451294 0.29035535454750061 1)
    (color-rgba 0.16862745583057404 0.16862745583057404 0.16862745583057404 1)
    (color-rgba 0.78431379795074463 0.72549021244049072 0.40392160415649414 1)
    (color-rgba 0.99607843160629272 0.9686274528503418 0.88235294818878174 1)
    (color-rgba 0.98039215803146362 0.85098040103912354 0.40784314274787903 1)
    (color-rgba 0.98039215803146362 0.84705883264541626 0.39215686917304993 1)
    (color-rgba 0.93611139059066772 0.94247055053710938 0.944297194480896 1)
    (color-rgba 0.93633574247360229 0.94498276710510254 0.94693112373352051 1)
    (color-rgba 0.93919038772583008 0.94244486093521118 0.9449697732925415 1)
    (color-rgba 0.23921568691730499 0.67843139171600342 0.90588235855102539 1)
    (color-rgba 0.22352941334247589 0.55686277151107788 0.73333334922790527 1)
    (color-rgba 0.22352941334247589 0.55294120311737061 0.73333334922790527 1)
    (color-rgba 0.69450682401657104 0.22258841991424561 0.33587446808815002 1)
    (color-rgba 0.73661398887634277 0.031564153730869293 0.20769131183624268 1)
    (color-rgba 0.59147477149963379 0.028029423207044601 0.16605517268180847 1)
    (color-rgba 0.61936259269714355 0.026130924001336098 0.17432594299316406 1)
    (color-rgba 0.93117958307266235 0.13368946313858032 0.33395379781723022 1)
    (color-rgba 0.92055380344390869 0.040884204208850861 0.25946435332298279 1)
    (color-rgba 0.93537884950637817 0.22992587089538574 0.40970152616500854 1)
    (color-rgba 0.92108732461929321 0.038747575134038925 0.26024189591407776 1)
    (color-rgba 0.92127710580825806 0.038167256861925125 0.26075765490531921 1)
    (color-rgba 0.93907028436660767 0.94265222549438477 0.94641661643981934 1)
    (color-rgba 0.86666667461395264 0.24705882370471954 0.24705882370471954 1)
    (color-rgba 0.7922787193973635 0.36007532956685501 0.36007532956685501 1)
    (color-rgba 0.75438596491228072 0.33192982456140346 0.33192982456140346 1)
    (color-rgba 0.92397660818713456 0.51126705653021443 0.51126705653021443 1)
    (color-rgba 0.87450981140136719 0.27843138575553894 0.27843138575553894 1)
    (color-rgba 0.86274510622024536 0.22745098173618317 0.22745098173618317 1)
    (color-rgba 0.98039215803146362 0.83921569585800171 0.364705890417099 1)
    (color-rgba 0.98039215803146362 0.84313726425170898 0.36862745881080627 1)
    (color-rgba 0.97647058963775635 0.83137255907058716 0.3333333432674408 1)
    (color-rgba 0.9387890100479126 0.94302511215209961 0.94547498226165771 1)
    (color-rgba 0.93824249505996704 0.94287717342376709 0.94439315795898438 1)
    (color-rgba 0.9359133243560791 0.93953526020050049 0.94542956352233887 1)
    (color-rgba 0.93611866235733032 0.9404786229133606 0.94408893585205078 1)
    (color-rgba 0.99607843160629272 0.80392158031463623 0.27450981736183167 1)
    (color-rgba 0.99607843160629272 0.76470589637756348 0.12549018859863281 1)
    (color-rgba 1 0.9843137264251709 0.93725490570068359 1)
    (color-rgba 0.99607843160629272 0.81960785388946533 0.3333333432674408 1)
    (color-rgba 0.99607843160629272 0.78823530673980713 0.26666668057441711 1)
    (color-rgba 0.99607843160629272 0.78431373834609985 0.21176470816135406 1)
    (color-rgba 0.99607843160629272 0.78823530673980713 0.22745098173618317 1)
    (color-rgba 0.99607843160629272 0.80392158031463623 0.29411765933036804 1)
    (color-rgba 0.99607843160629272 0.80784314870834351 0.29411765933036804 1)
    (color-rgba 0.99607843160629272 0.79607844352722168 0.25098037719726562 1)
    (color-rgba 0.99607843160629272 0.82745099067687988 0.35686275362968445 1)
    (color-rgba 0.99607843160629272 0.81176471710205078 0.30196079611778259 1)
    (color-rgba 0.83529412746429443 0.83529412746429443 0.94509804248809814 1)
    (color-rgba 0.27058824896812439 0.27058824896812439 0.75686275959014893 1)
    (color-rgba 0.28627452254295349 0.28627452254295349 0.7607843279838562 1)
    (color-rgba 0.27843138575553894 0.27843138575553894 0.7607843279838562 1)
    (color-rgba 0.29803922772407532 0.29803922772407532 0.76470589637756348 1)
    (color-rgba 0.31764706969261169 0.31764706969261169 0.77254903316497803 1)
    (color-rgba 0.33725491166114807 0.33725491166114807 0.7764706015586853 1)
    (color-rgba 0.3490196168422699 0.3490196168422699 0.78039216995239258 1)
    (color-rgba 0.32549020648002625 0.32549020648002625 0.77254903316497803 1)
    (color-rgba 0.30980393290519714 0.30980393290519714 0.76862746477127075 1)
    (color-rgba 0.83137255907058716 0.83137255907058716 0.94509804248809814 1)
    (color-rgba 0.72549021244049072 0.72549021244049072 0.90588235855102539 1)
    (color-rgba 0.34117648005485535 0.34117648005485535 0.77254903316497803 1)
    (color-rgba 0.3333333432674408 0.3333333432674408 0.7764706015586853 1)
    (color-rgba 0.31372550129890442 0.31372550129890442 0.77254903316497803 1)
    (color-rgba 0.30196079611778259 0.30196079611778259 0.76862746477127075 1)
    (color-rgba 0.29019609093666077 0.29019609093666077 0.76470589637756348 1)
    (color-rgba 0.34509804844856262 0.34509804844856262 0.78039216995239258 1)
    (color-rgba 0.99215686321258545 0.86666667461395264 0.63921570777893066 1)
    (color-rgba 0.96078431606292725 0.61568629741668701 0.08235294371843338 1)
    (color-rgba 0.63529413938522339 0.68235296010971069 0.81960785388946533 1)
    (color-rgba 0.51372551918029785 0.57254904508590698 0.7607843279838562 1)
    (color-rgba 0.5215686559677124 0.58039218187332153 0.7607843279838562 1)
    (color-rgba 0.30980393290519714 0.3960784375667572 0.65882354974746704 1)
    (color-rgba 0.82352942228317261 0.84705883264541626 0.91372549533843994 1)
    (color-rgba 0.31372550129890442 0.40392157435417175 0.66274511814117432 1)
    (color-rgba 0.33725491166114807 0.42352941632270813 0.67450982332229614 1)
    (color-rgba 0.31764706969261169 0.40392157435417175 0.66274511814117432 1)
    (color-rgba 0.34509804844856262 0.42352941632270813 0.65490198135375977 1)
    (color-rgba 0.27058824896812439 0.364705890417099 0.64313727617263794 1)
    (color-rgba 0.27843138575553894 0.36862745881080627 0.64313727617263794 1)
    (color-rgba 0.28627452254295349 0.37647059559822083 0.64705884456634521 1)
    (color-rgba 0.29803922772407532 0.38823530077934265 0.65490198135375977 1)
    (color-rgba 0.58823531866073608 0.63921570777893066 0.78823530673980713 1)
    (color-rgba 0.37254902720451355 0.45490196347236633 0.69019609689712524 1)
    (color-rgba 0.364705890417099 0.44705882668495178 0.68627452850341797 1)
    (color-rgba 0.34509804844856262 0.43137255311012268 0.67843139171600342 1)
    (color-rgba 0.32549020648002625 0.4117647111415863 0.66666668653488159 1)
    (color-rgba 0.25098037719726562 0.34509804844856262 0.63137257099151611 1)
    (color-rgba 0.20784313976764679 0.29411765933036804 0.54117649793624878 1)
    (color-rgba 0.25882354378700256 0.35294118523597717 0.63529413938522339 1)
    (color-rgba 0.24313725531101227 0.34117648005485535 0.62745100259780884 1)
    (color-rgba 0.32941177487373352 0.4117647111415863 0.66274511814117432 1)
    (color-rgba 0.98039233684539795 0.85098069906234741 0.87843149900436401 1)
    (color-rgba 0.91372579336166382 0.40461015701293945 0.50657039880752563 1)
    (color-rgba 0.98823529481887817 0.73725491762161255 0.7450980544090271 1))

# end of colorrc
